image: /home/serveur/catkin_ws/maps/last_map.pgm
resolution: 0.050000
origin: [-15.385001, -15.385001, 0.000000]
negate: 0
occupied_thresh: 0.65
free_thresh: 0.196

