image: piece_couloir_2.pgm
resolution: 0.025000
origin: [-25.612500, -25.612500, 0.000000]
negate: 0
occupied_thresh: 0.65
free_thresh: 0.196

